***TNC method:
nee obs taken every 15 days over years window, using modcost+obcost cost fn.

truth = array([  4.41000000e-05,   4.70000000e-01,   2.80000000e-01,
         1.60000000e-01,   1.50000000e+00,   3.60000000e-05,
         2.48000000e-03,   2.28000000e-03,   2.60000000e-06,
         6.93000000e-02,   1.50000000e+01,   4.04000000e+01,
         5.06290000e-02,   3.00000000e+01,   1.97000000e+02,
         9.00000000e+01,   5.20000000e+01,   4.78766535e+01,
         3.27899589e+02,   1.69977954e+02,   6.40102687e+03,
         3.63058972e+02,   1.01814051e+04])
xb = array([  6.46878858e-05,   3.97543192e-01,   2.99653443e-01,
         1.86748822e-01,   2.22597454e+00,   2.67032746e-05,
         2.01510400e-03,   3.32548355e-03,   1.43790387e-06,
         7.28409608e-02,   2.19469644e+01,   4.39860970e+01,
         3.24564986e-02,   4.48153570e+01,   2.31502677e+02,
         9.32789998e+01,   3.76239946e+01,   4.32147084e+01,
         4.76802246e+02,   2.34676150e+02,   4.87619657e+03,
         2.93150254e+02,   1.03952316e+04])
xa = array([  6.12938017e-05,   4.61019403e-01,   2.27658720e-01,
         1.58478681e-01,   1.73432704e+00,   2.50000000e-05,
         2.45473847e-03,   2.55602758e-03,   1.42326380e-06,
         6.86567133e-02,   1.64113045e+01,   4.51462786e+01,
         3.66995313e-02,   4.75059092e+01,   1.98530386e+02,
         8.50904448e+01,   6.95023508e+01,   4.11676100e+01,
         4.34225227e+02,   2.32126202e+02,   4.89006210e+03,
         3.48568704e+02,   1.01345440e+04])

***Cost fn value b/a assimilation:
In [163]: mc.cost(d.pvalburnpert)
Out[163]: 144070.97226348717

In [164]: mc.cost(xa[0])
Out[164]: 3.4417296430665383


***Gradient b/a assimiilation:
In [165]: mc.gradcost(d.pvalburnpert)
Out[165]: 
array([  3.85172878e+07,  -1.33039369e+06,   9.90279052e+03,
        -6.12973497e+04,   4.58447426e+04,  -3.43736507e+05,
        -1.62798932e+07,  -2.37750746e+07,  -2.56006498e+09,
        -1.51569860e+06,   3.74158197e+03,   3.01994355e+00,
         1.42868779e+04,  -5.14743376e-02,   8.40056089e+02,
        -3.37953659e+02,  -2.28746482e+03,   1.52221829e+01,
         1.38298223e+01,  -1.24210341e+02,  -1.77782255e-03,
        -2.93468418e+02,  -3.53217124e-01])

In [166]: mc.gradcost(xa[0])
Out[166]: 
array([ -2.20515544e+04,   2.36008950e+02,  -6.66375074e+01,
         1.32143023e+01,  -4.30957799e+01,  -5.14660080e+03,
         4.00300887e+03,   1.21843572e+04,   6.94920638e+05,
         8.66633576e+02,  -2.98498745e+00,  -1.23886580e-03,
        -3.06136002e+00,  -2.04539991e-03,  -6.18510561e-01,
         2.69103742e-02,   7.95903647e-01,  -1.23164907e-02,
        -4.94798638e-03,   4.06644175e-02,   1.89172673e-06,
         6.62606627e-02,   8.84521976e-05])


***Minimization routine:
In [43]: xa=mc.findmintnc(d.pvalburnpert, dispp=5)
tnc: Version 1.3, (c) 2002-2003, Jean-Sebastien Roy (js@jeannot.org)
tnc: RCS ID: @(#) $Jeannot: tnc.c,v 1.205 2005/01/28 18:27:31 js Exp $
  NIT   NF   F                       GTG
    0    1  1.440709722634872E+05   6.55625078E+18
tnc: fscale = 3.45983e-07
    1    4  5.566087777840493E+04   1.29217004E+18
    2    9  1.489778165506398E+04   3.78705109E+17
    3   12  4.824226476214425E+03   1.88832705E+17
    4   15  1.005459676033654E+03   3.36797724E+15
tnc: fscale = 1.37054e-05
    5   21  3.384082281269791E+02   7.56472466E+14
    6   24  1.402202790446385E+02   2.89680274E+15
    7   30  5.016239405368889E+01   4.76982555E+11
tnc: fscale = 0.000610041
    8   37  4.124880278135721E+01   2.19882304E+11
    9   45  3.337790290562135E+01   1.16308105E+12
   10   54  1.404890009574027E+01   5.01676385E+13
   11   60  9.495325960209856E+00   2.51291045E+11
   12   69  9.495325960209856E+00   2.51264827E+11
   13   75  7.911257518036732E+00   6.76814665E+11
   14   82  7.399715591990298E+00   2.17627825E+11
   15   89  7.399715591990298E+00   2.17601481E+11
   16  103  6.375630806108634E+00   7.80384054E+12
   17  106  6.033346184924046E+00   5.34620719E+09
   18  110  6.033346184924046E+00   5.31898286E+09
   19  119  5.321974627670757E+00   8.05163354E+11
   20  125  5.141344777061654E+00   1.58467649E+11
   21  132  5.141344777061654E+00   1.58440164E+11
   22  140  4.848080885451708E+00   1.16337176E+10
   23  150  4.848080885451708E+00   1.16064612E+10
   24  160  4.446382447050103E+00   3.43468313E+12
   25  163  4.339615176740907E+00   5.32887911E+10
   26  167  4.339615176740907E+00   5.32611063E+10
   27  176  4.191238855798934E+00   1.53847591E+11
   28  188  4.054632322177631E+00   3.31817359E+11
   29  198  4.054632322177631E+00   3.31788626E+11
   30  210  3.744911650559045E+00   6.45520817E+11
   31  213  3.720340385331861E+00   1.80912667E+10
   32  218  3.720340385331861E+00   1.80638003E+10
   33  230  3.441729643066539E+00   4.83566259E+11
   33  230  3.441729643066539E+00   4.83566259E+11
tnc: Maximum number of function evaluations reached
