d2=tw.dalecData(365, 'nee', [(175, 195, 5)]) 

xb=array([  6.46878858e-05,   3.97543192e-01,   2.99653443e-01,
         1.86748822e-01,   2.22597454e+00,   2.67032746e-05,
         2.01510400e-03,   3.32548355e-03,   1.43790387e-06,
         7.28409608e-02,   2.19469644e+01,   4.39860970e+01,
         3.24564986e-02,   4.48153570e+01,   2.31502677e+02,
         9.32789998e+01,   3.76239946e+01,   4.32147084e+01,
         4.76802246e+02,   2.34676150e+02,   4.87619657e+03,
         2.93150254e+02,   1.03952316e+04])

xa = (array([  6.46993632e-05,   6.41053957e-01,   2.91438045e-01,
          1.86685055e-01,   2.18991597e+00,   2.67034142e-05,
          1.98548374e-03,   3.28852642e-03,   1.43302583e-06,
          5.79771445e-02,   2.07663746e+01,   4.39689489e+01,
          3.24194693e-02,   4.48061120e+01,   2.18809637e+02,
          9.06903466e+01,   4.44981686e+01,   4.28809838e+01,
          4.61072784e+02,   2.33404250e+02,   4.87608228e+03,
          2.74043320e+02,   1.03848987e+04]), 195, 1)


In [9]: xa2=mc.findmintnc(d2.pvalburnpert, maxits=2000)                        
tnc: Version 1.3, (c) 2002-2003, Jean-Sebastien Roy (js@jeannot.org)
tnc: RCS ID: @(#) $Jeannot: tnc.c,v 1.205 2005/01/28 18:27:31 js Exp $
  NIT   NF   F                       GTG
    0    1  1.872201826082409E+02   7.80568788E+12
tnc: fscale = 0.000318617
    1    8  9.104798904507607E+00   1.99002670E+12
    2   14  4.444760864919321E+00   2.87316001E+11
    3   25  3.841660188212819E+00   5.72080734E+11
    4   30  3.374603685367195E+00   3.63579589E+11
    5   35  2.634263942285496E+00   3.91620534E+09
tnc: fscale = 0.0122398
    6   41  2.634263942285497E+00   3.88862240E+09
    7   47  2.380140045146133E+00   2.94056816E+09
    8   53  2.380140045146133E+00   2.91294481E+09
    9   66  1.795065072109503E+00   8.73251868E+09
   10   69  1.673647972381221E+00   5.27386688E+07
   11   72  1.673647972381221E+00   2.51142572E+07
   12   82  1.529047579103159E+00   3.21544042E+08
   13   85  1.430398495755813E+00   2.89298942E+07
   14   90  1.430398495755813E+00   1.30929941E+06
   15   93  1.375948744195746E+00   5.57699425E+08
   16   99  1.375948744195746E+00   5.30085079E+08
   17  105  1.238759139752892E+00   2.93093206E+07
   18  109  1.238759139752892E+00   1.68610491E+06
   19  120  1.187135933998124E+00   1.43558900E+08
   20  126  1.172632423543941E+00   7.01919397E+07
   21  130  1.166574358246395E+00   1.88961300E+06
tnc: fscale = 0.630474
   22  137  1.165111799922422E+00   4.19236950E+06
   23  146  1.161485614962542E+00   3.54442092E+06
   24  149  1.160660129473483E+00   4.97629202E+05
   25  161  1.157939223792096E+00   2.45930322E+04
   26  166  1.157756554675292E+00   2.58642941E+05
   27  171  1.157721629146759E+00   3.50652693E+02
   28  178  1.157714482629727E+00   1.04730137E+04
   29  181  1.157714407245423E+00   7.86213229E+02
tnc: fscale = 30.1077
   30  188  1.157714375892670E+00   7.85687655E+00
tnc: |fn-fn-1] = 7.93409e-09 -> convergence
   31  195  1.157714367958584E+00   5.16019132E+00
tnc: Converged (|f_n-f_(n-1)| ~= 0)

