***TNC method:
obs:'nee,clab, cf, cl, cs, cr, cw, lf, lai', [26,2,1,1,1,1,1,1,4] taken over years window, using obcost + modcost cost fn.

truth = array([  4.41000000e-05,   4.70000000e-01,   2.80000000e-01,
         1.60000000e-01,   1.50000000e+00,   3.60000000e-05,
         2.48000000e-03,   2.28000000e-03,   2.60000000e-06,
         6.93000000e-02,   1.50000000e+01,   4.04000000e+01,
         5.06290000e-02,   3.00000000e+01,   1.97000000e+02,
         9.00000000e+01,   5.20000000e+01,   4.78766535e+01,
         3.27899589e+02,   1.69977954e+02,   6.40102687e+03,
         3.63058972e+02,   1.01814051e+04])
xb = array([  6.46878858e-05,   3.97543192e-01,   2.99653443e-01,
         1.86748822e-01,   2.22597454e+00,   2.67032746e-05,
         2.01510400e-03,   3.32548355e-03,   1.43790387e-06,
         7.28409608e-02,   2.19469644e+01,   4.39860970e+01,
         3.24564986e-02,   4.48153570e+01,   2.31502677e+02,
         9.32789998e+01,   3.76239946e+01,   4.32147084e+01,
         4.76802246e+02,   2.34676150e+02,   4.87619657e+03,
         2.93150254e+02,   1.03952316e+04])
xa = array([  8.26906970e-05,   4.69239245e-01,   2.79735702e-01,
         1.70587516e-01,   1.49984274e+00,   2.54330718e-05,
         2.35389365e-03,   2.21406665e-03,   5.03263570e-06,
         6.96369199e-02,   1.49540428e+01,   4.18122010e+01,
         5.07093995e-02,   2.89861498e+01,   1.96954924e+02,
         9.01387409e+01,   5.19954404e+01,   4.67209814e+01,
         3.29245685e+02,   1.58211972e+02,   6.39381973e+03,
         3.64443999e+02,   1.02087838e+04])

***Cost fn value b/a assimilation:
In [27]: mc.cost(d.pvalburnpert)
Out[27]: 5506782.2236035569

In [28]: mc.cost(xa[0])
Out[28]: 0.086211448624084058


***Gradient b/a assimiilation:
In [29]: mc.gradcost(d.pvalburnpert)
Out[29]: 
array([  4.79135803e+07,  -1.58366025e+07,   2.52623491e+07,
         4.73484410e+06,   2.87213756e+06,   2.12928477e+08,
        -2.70063259e+08,  -1.70483636e+07,  -2.55204443e+09,
        -1.23524969e+06,   4.45543840e+04,   1.10515683e+03,
         1.90360358e+06,   2.56077774e+03,   5.09133685e+04,
        -1.60673563e+03,  -2.06246332e+05,   1.56502960e+04,
         1.71862966e+04,   4.63878224e+03,  -2.17124614e+02,
        -8.71394322e+02,  -1.56102238e-01])

In [30]: mc.gradcost(xa[0])
Out[30]: 
array([  2.33083325e+02,  -1.44406688e+01,   3.44979273e+00,
        -5.18242569e-01,  -4.90985072e+00,  -3.04306287e+01,
        -1.51227786e+02,   4.36030521e+02,   3.74343523e+04,
         7.78892063e+00,  -3.32494033e-01,  -4.66441249e-04,
        -2.41082295e-01,   1.54389116e-03,  -7.00416196e-02,
        -2.03878751e-03,   3.02253357e-01,  -2.22188856e-02,
        -1.99225347e-02,  -4.20105989e-03,   4.66699865e-06,
         6.59055115e-03,   1.01509088e-05])


***Minimization routine:
In [43]: xa=mc.findmintnc(d.pvalburnpert, dispp=5)
tnc: Version 1.3, (c) 2002-2003, Jean-Sebastien Roy (js@jeannot.org)
tnc: RCS ID: @(#) $Jeannot: tnc.c,v 1.205 2005/01/28 18:27:31 js Exp $
  NIT   NF   F                       GTG
    0    1  5.506782223603557E+06   6.63471467E+18
tnc: fscale = 1.07006e-08
    1    5  1.907938955468897E+06   2.20379757E+18
    2   11  9.128670841403119E+05   3.18585192E+17
    3   14  2.672565402411955E+05   9.69879686E+15
    4   19  3.972948043768178E+04   4.86757326E+16
    5   22  7.302395810801603E+03   3.17981160E+14
tnc: fscale = 5.9908e-07
    6   29  9.299112779677257E+02   1.21788442E+14
    7   38  6.508852252240814E+02   7.12707933E+12
    8   44  1.488170063698649E+02   1.63571263E+11
    9   49  8.512259490629145E+01   2.28670779E+13
tnc: fscale = 2.30053e-05
   10   55  8.512259490629145E+01   2.41031416E+10
   11   63  6.697758349646588E+01   1.99016055E+10
   12   72  4.927066192517756E+01   1.07330133E+13
   13   76  4.475414923212273E+01   1.92686451E+13
   14   88  3.001832064879467E+01   3.40320640E+12
   15   91  2.507803905547937E+01   2.18465867E+12
   16   99  2.507803905547937E+01   2.18461486E+12
   17  111  1.292802824040352E+01   9.30024165E+10
   18  121  8.103972352094033E+00   3.05058403E+12
   19  129  4.185338749759183E+00   4.69703587E+11
   20  133  4.185338749759183E+00   4.67412537E+11
   21  137  3.570118722534867E+00   4.00757292E+11
   22  152  2.325632975785584E+00   1.14598580E+11
   23  155  1.605687819615391E+00   2.68071465E+10
   24  160  1.605687819615391E+00   2.66062065E+10
   25  167  9.694916481698904E-01   1.28594518E+11
   26  171  6.904493552087243E-01   7.70802303E+10
   27  180  4.738361864462187E-01   1.18767028E+08
   28  183  3.801647317156023E-01   1.07563972E+10
tnc: fscale = 0.00103879
   29  187  3.750824554207375E-01   8.78558774E+09
   30  194  3.497784955405511E-01   1.81912360E+09
   31  206  1.361364547821583E-01   3.00446793E+10
   32  209  1.176563210478851E-01   1.59132781E+08
   33  216  8.960424304978283E-02   7.49376132E+07
   34  222  8.726643197479141E-02   4.30896398E+08
   35  228  8.630235577244552E-02   1.89969663E+08
   36  230  8.621144862408406E-02   1.40159928E+09
   36  230  8.621144862408406E-02   1.40159928E+09
tnc: Maximum number of function evaluations reached
