xb=array([  9.41000000e-04,   4.70000000e-01,   2.80000000e-01,
         2.60000000e-01,   1.01000000e+00,   2.60000000e-04,
         2.48000000e-03,   3.38000000e-03,   2.60000000e-06,
         1.93000000e-02,   9.00000000e+01,   1.40000000e+02,
         4.62900000e-01,   2.70000000e+01,   3.08000000e+02,
         3.50000000e+01,   5.20000000e+01,   2.70800000e+02,
         2.40000000e+01,   1.02000000e+02,   8.10000000e+03,
         3.00000000e+02,   7.20000000e+03])

xa=array([  1.00000000e-05,   3.00000000e-01,   4.41300271e-01,
          3.93813747e-01,   1.03754645e+00,   2.78814089e-04,
          4.89398941e-03,   2.33360658e-03,   4.31972900e-06,
          8.00000000e-02,   1.00000000e+02,   1.51167212e+02,
          2.05763768e-01,   2.29830628e+01,   2.98393680e+02,
          5.95946012e+01,   1.33366186e+02,   8.74881653e+01,
          3.45896104e+01,   2.15550665e+02,   8.53291940e+03,
          5.49058220e+02,   1.06490385e+04])
