xb=array([  1.89966332e-04,   5.65343477e-01,   1.53138526e-02,
         2.29473359e-01,   1.38207884e+00,   2.56606745e-05,
         6.53099082e-04,   6.35847132e-03,   4.32163613e-05,
         6.27274280e-02,   6.64118799e+01,   1.22361932e+02,
         3.72217324e-01,   1.14092522e+02,   3.08106881e+02,
         6.36023224e+01,   2.01056971e+02,   2.01275129e+02,
         9.89874539e+01,   4.43230120e+02,   2.02939092e+04,
         1.41405867e+02,   2.48784616e+03])


xa=array([  1.00000000e-02,   3.00000000e-01,   2.06401850e-01,
          1.00000000e-02,   1.04171298e+00,   2.50000000e-05,
          6.74011419e-03,   4.93320910e-03,   2.63309691e-04,
          8.00000000e-02,   9.00833092e+01,   1.68783671e+02,
          5.00000000e-01,   4.19200949e+01,   3.14214934e+02,
          5.87788582e+01,   1.86182750e+02,   1.98122825e+02,
          8.37028457e+01,   4.45019769e+02,   2.02935772e+04,
          1.39178198e+02,   2.48732956e+03])
