20/01/2015
Alice Holt DA run with 731 days NEE data from 2012/2013

xb=array([  4.41000000e-05,   4.70000000e-01,   2.80000000e-01,
         1.60000000e-01,   1.50000000e+00,   3.60000000e-05,
         2.48000000e-03,   2.28000000e-03,   2.60000000e-06,
         6.93000000e-02,   1.50000000e+01,   4.04000000e+01,
         5.06290000e-02,   3.00000000e+01,   1.97000000e+02,
         9.00000000e+01,   5.20000000e+01,   4.78766535e+01,
         3.27899589e+02,   1.69977954e+02,   6.40102687e+03,
         3.63058972e+02,   1.01814051e+04])
         
xa=array([  1.00000000e-02,   3.06931356e-01,   5.00000000e-01,
         1.00000000e-02,   1.00010000e+00,   4.58761880e-04,
         1.00000000e-04,   5.24910131e-03,   4.72005734e-04,
         8.00000000e-02,   5.05797667e+01,   1.00000000e+00,
         8.32551146e-02,   1.70593419e+01,   3.50596828e+02,
         7.23538819e+01,   3.75474935e+01,   1.00000000e+01,
         1.00000000e+01,   1.00000000e+01,   1.00000000e+02,
         1.00000000e+01,   2.03675949e+03])
 
         
In [17]: xa3=mc2.findmintnc(d.pvalburn, maxits=6000)                           
tnc: Version 1.3, (c) 2002-2003, Jean-Sebastien Roy (js@jeannot.org)
tnc: RCS ID: @(#) $Jeannot: tnc.c,v 1.205 2005/01/28 18:27:31 js Exp $
  NIT   NF   F                       GTG
    0    1  2.415436554820223E+03   1.83787362E+12
tnc: fscale = 0.000198471
    1    8  2.230367125451718E+03   3.13994080E+13
    2   12  2.105873373806287E+03   4.36502430E+11
    3   15  2.008910623494433E+03   5.36029059E+11
    4   19  1.893291259743720E+03   3.93663241E+10
    5   22  1.804026896167154E+03   1.55141917E+11
    6   25  1.708089438013949E+03   1.85011186E+12
    7   27  1.626606168868687E+03   6.47052287E+09
    8   33  1.597601774511261E+03   1.01976961E+10
    9   42  1.462214118860739E+03   1.67838171E+10
   10   49  1.243268216602927E+03   5.95684519E+09
   11   54  1.059674225738883E+03   2.45506423E+09
tnc: fscale = 2.78411e-06
   12   58  9.879345861392527E+02   1.02154259E+13
   13   67  9.778133693041698E+02   6.95416155E+12
   14   70  9.512374943644986E+02   1.35887785E+12
   15   78  9.428298698949806E+02   4.56507082E+12
   16   83  9.305433110732695E+02   2.69927007E+12
   17   90  9.131702960799862E+02   7.26287717E+12
   18   94  8.976723691215498E+02   6.38531738E+12
tnc: fscale = 9.56403e-05
   19  102  8.689602617179446E+02   3.40834685E+12
   20  108  8.524725364698141E+02   4.85527845E+12
   21  115  8.111832236491782E+02   1.32094216E+12
   22  122  8.034278811294132E+02   1.11833195E+12
   23  125  7.931283058224673E+02   4.97371752E+10
   24  134  7.716327098637561E+02   3.12277025E+09
   25  148  7.582332457860300E+02   4.75131358E+12
   26  151  7.519663153657968E+02   2.26724375E+12
   27  163  7.400845452825331E+02   3.21690552E+11
   28  169  7.389266187584930E+02   2.99626400E+11
   29  176  7.293145041365134E+02   7.18991522E+11
   30  179  7.284099713619792E+02   9.63331469E+11
tnc: fscale = 6.12157e-07
   31  190  7.284099713619793E+02   9.30385890E+11
tnc: fscale = 0.00032221
   32  199  7.228329955351102E+02   4.55503348E+09
   33  203  7.200349016994079E+02   1.75348692E+11
   34  213  7.109160491009179E+02   4.59482427E+11
   35  221  7.034858875419436E+02   8.76284214E+11
tnc: fscale = 1.22272e-07
   36  232  7.034858875419435E+02   5.04893416E+10
tnc: fscale = 0.000101951
   37  237  7.025024732632388E+02   8.89906049E+09
   38  240  7.019753845937717E+02   5.79684751E+10
   39  246  7.019753845937717E+02   5.79684751E+10
tnc: fscale = 0.00236662
   40  255  7.006181247191986E+02   1.25485318E+11
   41  263  6.987307076624743E+02   9.74830915E+10
   42  268  6.967215616476733E+02   6.48600257E+11
tnc: fscale = 2.40043e-07
   43  279  6.967215616476734E+02   4.34337931E+11
tnc: fscale = 0.000216537
   44  283  6.965046004364583E+02   4.98841532E+06
tnc: fscale = 0.00825332
   45  300  6.958566821292524E+02   5.68022312E+10
tnc: fscale = 0.000179611
   46  309  6.953335660894397E+02   1.05494076E+10
   47  312  6.951433822757342E+02   1.76181408E+10
   48  323  6.951433822757342E+02   1.76181323E+10
   49  332  6.937699569464178E+02   1.35506915E+11
   50  339  6.936942684424955E+02   3.24322443E+10
   51  353  6.927555622687300E+02   3.31970638E+10
   52  363  6.891736586787997E+02   1.16602042E+11
   53  368  6.887487842024480E+02   2.25066895E+10
   54  381  6.882633141136889E+02   8.38075172E+10
   55  392  6.878903279308888E+02   1.27535363E+10
   56  396  6.877473132964831E+02   7.32255050E+10
   57  402  6.876905221305534E+02   4.36919691E+10
   58  414  6.873185884933758E+02   1.06525855E+10
   59  417  6.872483075899045E+02   1.06353515E+09
   60  426  6.872483075899045E+02   1.06353504E+09
   61  439  6.863452249900970E+02   4.43725455E+10
   62  442  6.859238890294606E+02   6.17476715E+08
   63  446  6.857049619180140E+02   1.64506608E+09
   64  457  6.857049619180140E+02   1.64506365E+09
   65  460  6.856876515627375E+02   1.08141108E+10
   66  464  6.856694199024440E+02   1.50532228E+09
tnc: fscale = 0.00766101
   67  475  6.856694199024440E+02   1.50532227E+09
   68  483  6.856679038642818E+02   1.47224455E+09
   69  488  6.856478602245855E+02   9.06042030E+06
   70  493  6.856372689649949E+02   3.69888211E+07
   71  505  6.856361705205496E+02   3.69889532E+07
   72  516  6.854935080984073E+02   3.24819920E+09
   73  525  6.853636795541972E+02   4.19123883E+09
   74  528  6.853234084189039E+02   8.54267156E+08
   75  534  6.853169712061915E+02   1.11656967E+09
   76  537  6.853146390153081E+02   4.51919557E+07
   77  546  6.852748890347535E+02   3.03421131E+09
   78  555  6.852562228825392E+02   4.15860446E+09
   79  558  6.852562228825392E+02   4.15860445E+09
   80  562  6.852510780092327E+02   3.43108430E+08
   81  573  6.852510780092327E+02   3.43108430E+08
   82  588  6.851854945262212E+02   3.78972219E+10
   83  591  6.851178038428363E+02   1.62273920E+10
   84  597  6.850560249620503E+02   2.03953224E+10
   85  601  6.850097115235302E+02   1.57630023E+10
   86  604  6.850097115235302E+02   1.57630015E+10
   87  612  6.850035555793362E+02   1.44314840E+10
   88  619  6.849244037900999E+02   2.21218293E+10
   89  622  6.849244037900999E+02   2.21218275E+10
   90  630  6.848524601991564E+02   8.29425276E+09
   91  635  6.848274028397154E+02   7.35980660E+09
   92  641  6.848274028397154E+02   7.35980634E+09
   93  647  6.848224328063445E+02   6.23811142E+09
   94  652  6.847969214501884E+02   1.28163023E+10
   95  656  6.847969214501884E+02   1.28162995E+10
   96  662  6.847211918310234E+02   1.07603979E+09
   97  672  6.846761248249413E+02   9.14801996E+09
   98  679  6.845966975954764E+02   1.18126926E+10
   99  686  6.844833427207082E+02   9.31190916E+09
  100  693  6.843780481031964E+02   8.37150234E+09
  101  696  6.843780481031964E+02   8.37150234E+09
  102  700  6.843465095945215E+02   4.41161901E+09
  103  709  6.842696470874951E+02   4.50108258E+09
  104  716  6.841792330838247E+02   1.76147748E+09
  105  722  6.841380507167164E+02   1.54192647E+09
  106  725  6.841264183112720E+02   3.13452177E+07
  107  737  6.841258673662111E+02   3.13137562E+07
  108  746  6.841234472673801E+02   3.02891659E+07
  109  755  6.840886580611260E+02   1.17706748E+08
  110  760  6.840832455688193E+02   1.09266084E+08
  111  771  6.840532197336498E+02   8.39180479E+08
  112  777  6.840208582394646E+02   2.89218898E+07
  113  787  6.840031146296318E+02   4.85627476E+08
  114  790  6.839889421851535E+02   9.52090462E+07
  115  798  6.839889421851535E+02   9.52089968E+07
  116  807  6.839831069015291E+02   3.72279434E+08
  117  811  6.839795631547852E+02   2.96839400E+08
  118  819  6.839666715069537E+02   3.57515329E+08
  119  823  6.839585306503905E+02   2.42329166E+06
  120  829  6.839555910730043E+02   6.03063300E+07
  121  832  6.839544121500436E+02   1.82898369E+07
  122  840  6.839494977501356E+02   5.98341673E+07
  123  848  6.839372262813780E+02   3.26734185E+08
  124  850  6.839372262813780E+02   3.26732597E+08
  125  853  6.839227579349299E+02   1.14956871E+07
  126  856  6.839207865009353E+02   4.46721997E+05
  127  871  6.838645186136382E+02   4.66074526E+08
  128  874  6.838138314128879E+02   4.55406083E+08
  129  881  6.837699603119034E+02   4.95672923E+08
  130  888  6.837216211658938E+02   6.59526063E+07
  131  894  6.837026371871298E+02   4.52076232E+07
  132  904  6.836734786874479E+02   1.72889898E+08
  133  907  6.836644749057081E+02   1.69629545E+06
  134  922  6.836432868680592E+02   1.68523323E+08
  135  925  6.836234091167653E+02   1.27542523E+07
  136  931  6.836125333937337E+02   7.16989417E+07
  137  933  6.836125333937337E+02   7.16987822E+07
  138  939  6.836008546021828E+02   2.47195429E+07
  139  943  6.836008546021828E+02   2.47192862E+07
  140  948  6.835954739973585E+02   3.79223539E+07
  141  954  6.834767892424594E+02   2.02678947E+08
  142  958  6.834540941388773E+02   4.73082906E+04
  143  962  6.834529415591211E+02   2.22236812E+06
  144  975  6.834293094335767E+02   4.30991839E+07
  145  977  6.834293094335767E+02   4.30991114E+07
  146  982  6.834169604357684E+02   6.99251400E+06
  147  987  6.834169604357684E+02   6.99248296E+06
  148  998  6.833845927945960E+02   3.30871080E+07
  149 1004  6.833696233519322E+02   7.61233963E+06
  150 1007  6.833696233519322E+02   7.61227174E+06
  151 1011  6.833645565552125E+02   1.24319587E+06
  152 1013  6.833645565552125E+02   1.24319586E+06
  153 1017  6.833640353705611E+02   2.23499070E+04
  154 1023  6.833640007890552E+02   1.64321726E+04
  155 1028  6.833639592623775E+02   4.10762680E+02
tnc: fscale = 0.233218
  156 1034  6.833638693830976E+02   3.68041779E+02
  157 1042  6.833637579289377E+02   1.07821587E+01
  158 1051  6.833635261714808E+02   8.76737171E+02
  159 1060  6.833632590892760E+02   1.43326181E+04
  160 1063  6.833632521044946E+02   9.50109079E+02
  161 1068  6.833632378439148E+02   1.04855827E+02
  162 1074  6.833631648557522E+02   4.66671773E+03
  163 1083  6.833631458423960E+02   4.57187280E+00
  164 1090  6.833631450260950E+02   1.06657783E+02
  165 1099  6.833631414544386E+02   3.46502422E+01
  166 1103  6.833631412466858E+02   6.02571126E+00
  167 1107  6.833631412291888E+02   3.42370451E+01
  168 1118  6.833631405633179E+02   3.08583155E+01
tnc: fscale = 6.12698
  169 1124  6.833631405294738E+02   2.75146546E+01
  170 1135  6.833631402177699E+02   3.65102719E+00
  171 1145  6.833631401653618E+02   2.04122656E-01
  172 1148  6.833631401493152E+02   2.20338992E+00
  173 1154  6.833631401252115E+02   4.44812600E+00
tnc: |fn-fn-1] = 4.62423e-09 -> convergence
  174 1159  6.833631401205873E+02   4.44118641E-02
tnc: Converged (|f_n-f_(n-1)| ~= 0)

         


